
           Categoricos 

 

Missing 

Overall 

n 

 

 

51830 

J01802, n (%) 

1.0 

 

141 (0.3) 

2.0 

 

130 (0.3) 

3.0 

 

33 (0.1) 

4.0 

 

43 (0.1) 

5.0 

 

22 (0.0) 

6.0 

 

6 (0.0) 

7.0 

 

1 (0.0) 

8.0 

 

15 (0.0) 

None 

 

51439 (99.2) 

J023, n (%) 

1.0 

 

5094 (9.8) 

2.0 

 

3359 (6.5) 

3.0 

 

17 (0.0) 

None 

 

43360 (83.7) 

J024, n (%) 

1.0 

 

2268 (4.4) 

2.0 

 

6202 (12.0) 

None 

 

43360 (83.7) 

Q03001, n (%) 

1.0 

 

3110 (6.0) 

2.0 

 

45214 (87.2) 

None 

 

3506 (6.8) 

L01701, n (%) 

None 

 

51830 (100.0) 

L01702, n (%) 

None 

 

51830 (100.0) 

Q092, n (%) 

1.0 

 

5194 (10.0) 

2.0 

 

46636 (90.0) 

Q09201, n (%) 

1.0 

 

4767 (9.2) 

2.0 

 

412 (0.8) 

3.0 

 

15 (0.0) 

None 

 

46636 (90.0) 

Q09202, n (%) 

1.0 

 

2215 (4.3) 

2.0 

 

140 (0.3) 

3.0 

 

2815 (5.4) 

4.0 

 

24 (0.0) 

None 

 

46636 (90.0) 

R026, n (%) 

1.0 

 

17280 (33.3) 

2.0 

 

7456 (14.4) 

None 

 

27094 (52.3) 

R029, n (%) 

1.0 

 

383 (0.7) 

2.0 

 

756 (1.5) 

3.0 

 

5709 (11.0) 

None 

 

44982 (86.8) 

V0001, n (%) 

11 

 

1271 (2.5) 

12 

 

1310 (2.5) 

13 

 

2025 (3.9) 

14 

 

1269 (2.4) 

15 

 

2150 (4.1) 

16 

 

860 (1.7) 

17 

 

1060 (2.0) 

21 

 

2832 (5.5) 

22 

 

1538 (3.0) 

23 

 

2362 (4.6) 

24 

 

1653 (3.2) 

25 

 

1814 (3.5) 

26 

 

2339 (4.5) 

27 

 

1692 (3.3) 

28 

 

1578 (3.0) 

29 

 

2167 (4.2) 

31 

 

2982 (5.8) 

32 

 

2075 (4.0) 

33 

 

2679 (5.2) 

35 

 

3465 (6.7) 

41 

 

2308 (4.5) 

42 

 

2170 (4.2) 

43 

 

2108 (4.1) 

50 

 

1622 (3.1) 

51 

 

1486 (2.9) 

52 

 

1582 (3.1) 

53 

 

1433 (2.8) 

A005010, n (%) 

1.0 

 

39642 (76.5) 

2.0 

 

5722 (11.0) 

3.0 

 

3358 (6.5) 

4.0 

 

1504 (2.9) 

5.0 

 

441 (0.9) 

6.0 

 

1163 (2.2) 

A005012, n (%) 

1.0 

 

2201 (4.2) 

2.0 

 

9987 (19.3) 

None 

 

39642 (76.5) 

A01403, n (%) 

1.0 

 

1484 (2.9) 

2.0 

 

776 (1.5) 

None 

 

49570 (95.6) 

A01501, n (%) 

1.0 

 

23066 (44.5) 

2.0 

 

3437 (6.6) 

3.0 

 

10833 (20.9) 

4.0 

 

11270 (21.7) 

5.0 

 

1298 (2.5) 

6.0 

 

992 (1.9) 

7.0 

 

158 (0.3) 

None 

 

776 (1.5) 

A016010, n (%) 

1.0 

 

40907 (78.9) 

2.0 

 

2858 (5.5) 

3.0 

 

7088 (13.7) 

4.0 

 

294 (0.6) 

5.0 

 

449 (0.9) 

6.0 

 

234 (0.5) 

A01901, n (%) 

1.0 

 

42098 (81.2) 

2.0 

 

9732 (18.8) 

D001, n (%) 

1.0 

 

47373 (91.4) 

2.0 

 

4457 (8.6) 

F007011, n (%) 

1.0 

 

1545 (3.0) 

2.0 

 

50285 (97.0) 

VDE001, n (%) 

1.0 

 

39791 (76.8) 

2.0 

 

12039 (23.2) 

VDE002, n (%) 

1.0 

 

37732 (72.8) 

2.0 

 

2059 (4.0) 

None 

 

12039 (23.2) 

VDE014, n (%) 

1.0 

 

5298 (10.2) 

10.0 

 

1680 (3.2) 

11.0 

 

3246 (6.3) 

12.0 

 

9 (0.0) 

2.0 

 

3791 (7.3) 

3.0 

 

2731 (5.3) 

4.0 

 

5879 (11.3) 

5.0 

 

1752 (3.4) 

6.0 

 

2046 (3.9) 

7.0 

 

3534 (6.8) 

8.0 

 

2673 (5.2) 

9.0 

 

5093 (9.8) 

None 

 

14098 (27.2) 

M01001, n (%) 

1.0 

 

2836 (5.5) 

2.0 

 

23534 (45.4) 

None 

 

25460 (49.1) 

P051, n (%) 

1.0 

 

380 (0.7) 

2.0 

 

319 (0.6) 

None 

 

51131 (98.7) 

P034, n (%) 

1.0 

 

20947 (40.4) 

2.0 

 

30883 (59.6) 

P039, n (%) 

1.0 

 

10261 (19.8) 

2.0 

 

27471 (53.0) 

None 

 

14098 (27.2) 

P044, n (%) 

1.0 

 

8798 (17.0) 

2.0 

 

43032 (83.0) 

P04405, n (%) 

0.0 

 

909 (1.8) 

1.0 

 

1345 (2.6) 

10.0 

 

94 (0.2) 

11.0 

 

3 (0.0) 

12.0 

 

70 (0.1) 

13.0 

 

2 (0.0) 

14.0 

 

3 (0.0) 

15.0 

 

3 (0.0) 

16.0 

 

7 (0.0) 

18.0 

 

1 (0.0) 

2.0 

 

1790 (3.5) 

3.0 

 

1191 (2.3) 

4.0 

 

1326 (2.6) 

5.0 

 

648 (1.3) 

6.0 

 

629 (1.2) 

7.0 

 

85 (0.2) 

8.0 

 

665 (1.3) 

9.0 

 

27 (0.1) 

None 

 

43032 (83.0) 

P04406, n (%) 

0.0 

 

7273 (14.0) 

1.0 

 

8 (0.0) 

10.0 

 

107 (0.2) 

12.0 

 

1 (0.0) 

15.0 

 

58 (0.1) 

2.0 

 

8 (0.0) 

20.0 

 

131 (0.3) 

25.0 

 

4 (0.0) 

3.0 

 

6 (0.0) 

30.0 

 

963 (1.9) 

35.0 

 

1 (0.0) 

4.0 

 

13 (0.0) 

40.0 

 

119 (0.2) 

45.0 

 

26 (0.1) 

5.0 

 

24 (0.0) 

50.0 

 

40 (0.1) 

55.0 

 

1 (0.0) 

59.0 

 

4 (0.0) 

6.0 

 

5 (0.0) 

7.0 

 

2 (0.0) 

8.0 

 

4 (0.0) 

None 

 

43032 (83.0) 

P04801, n (%) 

1.0 

 

1275 (2.5) 

2.0 

 

11042 (21.3) 

None 

 

39513 (76.2) 

P02102, n (%) 

1.0 

 

1071 (2.1) 

2.0 

 

22035 (42.5) 

3.0 

 

697 (1.3) 

None 

 

28027 (54.1) 

P02401, n (%) 

1.0 

 

4519 (8.7) 

2.0 

 

28727 (55.4) 

3.0 

 

1771 (3.4) 

None 

 

16813 (32.4) 

P03201, n (%) 

1.0 

 

9976 (19.2) 

2.0 

 

12525 (24.2) 

None 

 

29329 (56.6) 

M011031, n (%) 

1.0 

 

10136 (19.6) 

2.0 

 

27596 (53.2) 

None 

 

14098 (27.2) 

M009, n (%) 

1.0 

 

18596 (35.9) 

2.0 

 

11362 (21.9) 

3.0 

 

7774 (15.0) 

None 

 

14098 (27.2) 

M011011, n (%) 

1.0 

 

5308 (10.2) 

2.0 

 

32424 (62.6) 

None 

 

14098 (27.2) 

M011051, n (%) 

1.0 

 

2477 (4.8) 

2.0 

 

35255 (68.0) 

None 

 

14098 (27.2) 

M011071, n (%) 

1.0 

 

4070 (7.9) 

2.0 

 

33662 (64.9) 

None 

 

14098 (27.2) 

A02201, n (%) 

1.0 

 

31634 (61.0) 

2.0 

 

20196 (39.0) 

C009, n (%) 

1.0 

 

18381 (35.5) 

2.0 

 

6011 (11.6) 

3.0 

 

365 (0.7) 

4.0 

 

26682 (51.5) 

5.0 

 

384 (0.7) 

9.0 

 

7 (0.0) 

C006, n (%) 

1.0 

 

24799 (47.8) 

2.0 

 

27031 (52.2) 

J01101, n (%) 

1.0 

 

40250 (77.7) 

2.0 

 

5418 (10.5) 

3.0 

 

1960 (3.8) 

4.0 

 

3829 (7.4) 

5.0 

 

373 (0.7) 

N00101, n (%) 

1.0 

 

8321 (16.1) 

2.0 

 

30678 (59.2) 

3.0 

 

10675 (20.6) 

4.0 

 

1772 (3.4) 

5.0 

 

384 (0.7) 

N012, n (%) 

1.0 

 

36855 (71.1) 

2.0 

 

10038 (19.4) 

3.0 

 

2404 (4.6) 

4.0 

 

2533 (4.9) 

N016, n (%) 

1.0 

 

37404 (72.2) 

2.0 

 

9319 (18.0) 

3.0 

 

2532 (4.9) 

4.0 

 

2575 (5.0) 

N017, n (%) 

1.0 

 

43169 (83.3) 

2.0 

 

5463 (10.5) 

3.0 

 

1583 (3.1) 

4.0 

 

1615 (3.1) 

N018, n (%) 

1.0 

 

49357 (95.2) 

2.0 

 

1540 (3.0) 

3.0 

 

486 (0.9) 

4.0 

 

447 (0.9) 

A00601, n (%) 

1.0 

 

48797 (94.1) 

2.0 

 

987 (1.9) 

3.0 

 

2046 (3.9) 

A009010, n (%) 

1.0 

 

20183 (38.9) 

2.0 

 

574 (1.1) 

3.0 

 

3407 (6.6) 

4.0 

 

207 (0.4) 

5.0 

 

13001 (25.1) 

6.0 

 

14458 (27.9) 

VDD004A, n (%) 

1.0 

 

2904 (5.6) 

2.0 

 

15957 (30.8) 

3.0 

 

4019 (7.8) 

4.0 

 

2807 (5.4) 

5.0 

 

14651 (28.3) 

6.0 

 

1872 (3.6) 

7.0 

 

9620 (18.6) 

P050, n (%) 

1.0 

 

6441 (12.4) 

2.0 

 

699 (1.3) 

3.0 

 

44690 (86.2) 

P052, n (%) 

1.0 

 

10809 (20.9) 

2.0 

 

1699 (3.3) 

3.0 

 

32182 (62.1) 

None 

 

7140 (13.8) 

P05401, n (%) 

1.0 

 

4574 (8.8) 

2.0 

 

494 (1.0) 

3.0 

 

206 (0.4) 

4.0 

 

97 (0.2) 

5.0 

 

1769 (3.4) 

None 

 

44690 (86.2) 

P05404, n (%) 

1.0 

 

2152 (4.2) 

2.0 

 

192 (0.4) 

3.0 

 

60 (0.1) 

4.0 

 

65 (0.1) 

5.0 

 

4671 (9.0) 

None 

 

44690 (86.2) 

P05407, n (%) 

1.0 

 

28 (0.1) 

2.0 

 

13 (0.0) 

3.0 

 

16 (0.0) 

4.0 

 

17 (0.0) 

5.0 

 

7066 (13.6) 

None 

 

44690 (86.2) 

P05410, n (%) 

1.0 

 

25 (0.0) 

2.0 

 

7 (0.0) 

3.0 

 

5 (0.0) 

4.0 

 

8 (0.0) 

5.0 

 

7095 (13.7) 

None 

 

44690 (86.2) 

P05413, n (%) 

1.0 

 

6 (0.0) 

2.0 

 

4 (0.0) 

3.0 

 

12 (0.0) 

4.0 

 

13 (0.0) 

5.0 

 

7105 (13.7) 

None 

 

44690 (86.2) 

P05416, n (%) 

1.0 

 

5 (0.0) 

2.0 

 

8 (0.0) 

3.0 

 

11 (0.0) 

4.0 

 

21 (0.0) 

5.0 

 

7095 (13.7) 

None 

 

44690 (86.2) 

P05419, n (%) 

1.0 

 

30 (0.1) 

2.0 

 

7 (0.0) 

3.0 

 

1 (0.0) 

5.0 

 

7102 (13.7) 

None 

 

44690 (86.2) 

P067, n (%) 

1.0 

 

85 (0.2) 

2.0 

 

99 (0.2) 

3.0 

 

51646 (99.6) 

P06701, n (%) 

1.0 

 

22 (0.0) 

2.0 

 

50 (0.1) 

3.0 

 

183 (0.4) 

4.0 

 

51575 (99.5) 

P068, n (%) 

1.0 

 

6057 (11.7) 

2.0 

 

810 (1.6) 

3.0 

 

282 (0.5) 

4.0 

 

661 (1.3) 

5.0 

 

44020 (84.9) 

P04501, n (%) 

1.0 

 

11134 (21.5) 

2.0 

 

15030 (29.0) 

3.0 

 

11104 (21.4) 

4.0 

 

7637 (14.7) 

5.0 

 

2389 (4.6) 

6.0 

 

4536 (8.8) 

P04502, n (%) 

1.0 

 

10546 (20.3) 

2.0 

 

10857 (20.9) 

3.0 

 

6904 (13.3) 

4.0 

 

5952 (11.5) 

5.0 

 

3148 (6.1) 

6.0 

 

14423 (27.8) 

P02601, n (%) 

1.0 

 

779 (1.5) 

2.0 

 

5235 (10.1) 

3.0 

 

31340 (60.5) 

4.0 

 

12761 (24.6) 

5.0 

 

1715 (3.3) 

P027, n (%) 

1.0 

 

29329 (56.6) 

2.0 

 

6790 (13.1) 

3.0 

 

15711 (30.3) 

F007021, mean [min,max] 

 

50285 

731.6 [20.0,30000.0] 

VDF003, mean [min,max] 

 

15 

1581.8 [0.0,203196.0] 

P03701, mean [min,max] 

 

31599 

1.0 [0.0,15.0] 

P03702, mean [min,max] 

 

31599 

13.9 [0.0,59.0] 

P00104, mean [min,max] 

 

381 

74.0 [32.0,176.0] 

P00404, mean [min,max] 

 

381 

165.4 [129.0,204.0] 

J012, mean [min,max] 

 

11580 

3.7 [1.0,365.0] 

P05402, mean [min,max] 

 

47256 

13.0 [1.0,80.0] 

P05403, mean [min,max] 

 

51336 

10.3 [1.0,80.0] 

P05405, mean [min,max] 

 

49678 

8.4 [1.0,50.0] 

P05406, mean [min,max] 

 

51638 

5.6 [1.0,50.0] 

P05408, mean [min,max] 

 

51802 

4.6 [1.0,20.0] 

P05409, mean [min,max] 

 

51817 

3.8 [1.0,10.0] 

P05411, mean [min,max] 

 

51805 

4.1 [1.0,20.0] 

P05412, mean [min,max] 

 

51823 

2.0 [1.0,4.0] 

P05414, mean [min,max] 

 

51824 

4.3 [1.0,10.0] 

P05415, mean [min,max] 

 

51826 

4.0 [1.0,10.0] 

P05417, mean [min,max] 

 

51825 

2.8 [1.0,8.0] 

P05418, mean [min,max] 

 

51822 

1.4 [1.0,3.0] 

P05421, mean [min,max] 

 

51800 

10.2 [1.0,40.0] 

P05422, mean [min,max] 

 

51823 

3.0 [1.0,7.0] 

P035, mean [min,max] 

 

30883 

3.3 [0.0,7.0] 

P03904, mean [min,max] 

 

33220 

4.5 [1.0,7.0] 

P03905, mean [min,max] 

 

33220 

4.0 [0.0,16.0] 

P03906, mean [min,max] 

 

33220 

4.9 [0.0,59.0] 

P00901, mean [min,max] 

 

0 

4.5 [0.0,7.0] 

P01101, mean [min,max] 

 

0 

3.3 [0.0,7.0] 

P013, mean [min,max] 

 

0 

2.9 [0.0,7.0] 

P015, mean [min,max] 

 

0 

1.1 [0.0,7.0] 

P02001, mean [min,max] 

 

0 

1.1 [0.0,7.0] 

P02101, mean [min,max] 

 

34764 

2.0 [1.0,3.0] 

P01601, mean [min,max] 

 

0 

2.6 [0.0,7.0] 

P018, mean [min,max] 

 

0 

4.0 [0.0,7.0] 

P019, mean [min,max] 

 

29389 

1.6 [1.0,3.0] 

P02002, mean [min,max] 

 

0 

1.1 [0.0,7.0] 

P023, mean [min,max] 

 

0 

3.4 [0.0,7.0] 

P02501, mean [min,max] 

 

0 

1.6 [0.0,7.0] 

P02602, mean [min,max] 

 

0 

0.4 [0.0,7.0] 

P02801, mean [min,max] 

 

36119 

1.8 [0.0,7.0] 

P029, mean [min,max] 

 

29329 

4.9 [1.0,60.0] 

P03202, mean [min,max] 

 

41854 

11.0 [5.0,96.0] 

A02305, mean [min,max] 

 

20196 

0.7 [0.0,40.0] 

A02306, mean [min,max] 

 

20196 

1.5 [0.0,26.0] 

A02307, mean [min,max] 

 

20196 

0.5 [0.0,80.0] 

C008, mean [min,max] 

 

0 

44.4 [30.0,60.0] 

